.Random.seed <-
c(403L, 477L, -90925231L, -1942804806L, 650745039L, 570729392L, 
-463078187L, 1273565118L, -1066859566L, -530768360L, -2943399L, 
-179535923L, 1033133535L, -1226247223L, 512082106L, -1552524034L, 
1078613318L, 1238508705L, 569663115L, 1045493250L, -956210540L, 
-1733995829L, -1595217323L, 2092519383L, 1277370632L, -2054973986L, 
-2009037419L, -698822945L, -1975405820L, 2097222829L, -1921525701L, 
-265966462L, 851088018L, 549618799L, 442327824L, 1792092829L, 
422981732L, -1066762416L, 692472836L, -262636663L, 1847798968L, 
-2060520956L, 1094638659L, 2065803423L, -894815005L, -1736299288L, 
-330012955L, -78838849L, 192457312L, 1195177213L, -774739141L, 
781516603L, -1275031462L, -850089188L, -1867589574L, -788186433L, 
1424721392L, -862322281L, 1954175360L, 1466942811L, -1240417448L, 
-173933673L, -213264309L, -84052121L, 1127183765L, -695371286L, 
1835153912L, 433028533L, -957391976L, -1378350001L, 1510767602L, 
75571661L, 976213535L, 1375815582L, 224416675L, -1567107979L, 
-868043041L, -1662741838L, 1062178149L, 1854306139L, -200067169L, 
904254929L, -1816949315L, 1613848555L, 719022751L, -160793965L, 
1944441384L, -1137492233L, 458438996L, -1120676118L, 1399507565L, 
947747385L, -984536808L, 1970296701L, 1791916005L, -423137427L, 
-125168576L, -1380873167L, -1908116214L, 802053054L, 564127900L, 
-758323977L, -1000530138L, -331319490L, -2123575379L, 1818381453L, 
2041669249L, -1663521920L, 1728078118L, -1557599311L, -1143982012L, 
1405267755L, 1634184048L, 547988995L, 624610312L, -1337610372L, 
895564125L, 1290016528L, 1413719591L, 1098368768L, 370830127L, 
-1110026965L, 2035694412L, -852882958L, 1668126933L, -1270670464L, 
465036388L, 763018854L, 1888609207L, -1221085644L, 1284502779L, 
-1942416881L, -2082558856L, 275883887L, -1169908551L, 1842262795L, 
-1250725093L, -984502928L, 1831646744L, -323980574L, -1197423067L, 
1392343269L, 2119523183L, 2028488353L, -1829261128L, -1443574694L, 
693681148L, 955560578L, 794231956L, -1410834891L, 159227239L, 
-1208664065L, 1314196031L, 1774103064L, 135848905L, -167571169L, 
-1962852244L, -1735324913L, 286088751L, -710416903L, 1575317553L, 
1779597457L, -567110021L, -1101077148L, 1688006377L, -1205018371L, 
2098482076L, 2101505393L, 1349258621L, -1778978438L, 1028413107L, 
-186934208L, -701071657L, 1197076822L, 951203528L, -807663010L, 
-372640652L, 940435436L, -1463003819L, 959545243L, -1403800202L, 
742509740L, -673997458L, 1812366065L, -1995390529L, 602808120L, 
1541353564L, 1927093623L, -1441053875L, -331544927L, -1383647783L, 
1192980955L, -387303638L, -1154922414L, 711059324L, 2135107035L, 
73490271L, -2146543182L, 1924649625L, -1356832799L, 213951418L, 
1623629645L, 207022198L, -297643478L, -1460937220L, 824903129L, 
-1624184176L, 1618442223L, -288092108L, 933439333L, 668289143L, 
1920330746L, -110234018L, 1804187508L, -113550137L, 195192515L, 
1258023935L, 1993612614L, 1865408501L, 1067088951L, -1316549350L, 
-715952928L, -562303885L, 24001899L, -11726840L, -61911646L, 
-1110399177L, -2096878400L, 1245939093L, -93129057L, -53812569L, 
-2039540113L, 2027328872L, 379059030L, 1456504163L, -1965580284L, 
1640158832L, 1602324745L, 918175761L, 499475667L, -547058691L, 
1517156187L, -1611959094L, 1886606292L, 1580981889L, -160632496L, 
1171427665L, 1600717447L, 1589007814L, -69468694L, -329389195L, 
17811365L, 830207977L, 73985888L, 1223668208L, -1349703769L, 
-926917020L, 636541459L, -1381987561L, 1641391209L, -2041838303L, 
1914483599L, 955932273L, -427166301L, 1698858372L, 1842837346L, 
218260227L, -150796600L, 1167152505L, -877607765L, -1892222931L, 
1862070522L, 1500847651L, 819321172L, 1431642491L, 533850394L, 
-725376649L, -968687679L, 263431307L, -1035810296L, 2140864765L, 
689183050L, -2059607061L, -1073987146L, -1429501963L, -603541981L, 
-733233102L, 1377800248L, 1160123565L, 668079287L, 528646920L, 
1433670550L, 1713676852L, 1638285387L, 1962496910L, 1796904879L, 
-52825713L, -1163339543L, -434324787L, -1225391771L, 699805093L, 
211847669L, -1590694839L, -1706383061L, 306971366L, -1866853785L, 
1324678894L, -200445097L, 1888840087L, 1982037999L, -823637123L, 
2126408539L, -550229805L, -1544050299L, -2054912976L, 774002353L, 
1417170359L, -540522931L, 1290994685L, -74976371L, 597468476L, 
-1299643694L, 1536777002L, 2092549285L, 386733277L, 1397835922L, 
-1275504977L, -1003929190L, -1370605621L, -532635373L, 1560379638L, 
-1924111861L, 1395560710L, 1398272914L, -1405825926L, 1950387414L, 
-1866121119L, -1056579269L, -713053072L, -58522115L, 904643703L, 
1378109937L, 522579123L, -100212499L, -1969209472L, 343161997L, 
-1662906842L, 85765304L, -137749898L, 837042679L, -1359041636L, 
925599249L, -585232941L, -2049737600L, -1923212470L, -379718341L, 
-857983260L, -1838756593L, 332475431L, 1267003072L, -540054908L, 
1989627374L, 2112666158L, 683326545L, 962026684L, 1867769529L, 
-1624185607L, -314172019L, -1209670820L, -41558350L, -635777129L, 
-452359627L, -1629639778L, -175635964L, 1630180104L, 743682888L, 
-173859581L, 1702174854L, 1466481093L, -1781855877L, 231064498L, 
715934845L, 1738290973L, -2088462942L, 1428654503L, 954557593L, 
1809272707L, -129183514L, -667016109L, 584986750L, 510246488L, 
-594711827L, -319151081L, -999423330L, 1877068964L, 1951470084L, 
1817869104L, 1016936414L, 1100739352L, -600356876L, -47784280L, 
1579206925L, 794134623L, -136092876L, 1209438958L, -15056139L, 
-1934311765L, 416031784L, -277586726L, 2007755372L, 1062335194L, 
-1220689165L, -1235625758L, 1592016619L, -595815556L, -310159663L, 
-1903540115L, -1308631207L, 1600582339L, -2120086740L, -1359510848L, 
1195904341L, 971590481L, 1739898003L, 1929301355L, 721579996L, 
-579918304L, 1467514043L, 1436180264L, 360966898L, -895340971L, 
452867734L, 1225513548L, -50058045L, 1257253579L, -14519349L, 
-1457298668L, 1353971635L, 756491371L, -201002178L, -230497662L, 
-1040410270L, -246194416L, -1913444076L, -1227362890L, -86395341L, 
819597272L, -149264982L, -2030915860L, 1405990325L, 2011927089L, 
-680939180L, 1061200248L, -581874925L, 2134047578L, -957608543L, 
-1942889345L, 1263562092L, -279225277L, -615120507L, -97691108L, 
1923069254L, -184561097L, 566662265L, 612169953L, -1989340457L, 
-695263933L, 696613034L, -1365747248L, 945072724L, -1963384356L, 
150746199L, 628028514L, -897300379L, -1405718553L, -364290667L, 
947409167L, -509062653L, -2024001573L, -329282174L, 2074765372L, 
-299554382L, 1261699298L, 1276602646L, 1466867468L, 1121005710L, 
-1839898332L, 1265780626L, 608602313L, 697370083L, -1978604709L, 
-1011976096L, 445634179L, 1524412805L, -1326941580L, 1293176855L, 
-192441267L, -258534190L, 2134582328L, -2136097389L, -991536890L, 
560680365L, 1601966611L, -2102561416L, 1798696709L, -1194019964L, 
-1799390963L, -1093215475L, -12606907L, -460435511L, -1491687504L, 
-1879592835L, 272588755L, -1597548713L, -2029949301L, -2052071484L, 
17559578L, -145169527L, -1505317251L, -369379842L, 1977847416L, 
178922536L, -1245224714L, 1537885483L, -1868593921L, -612530396L, 
2053153947L, -1631776794L, 1666872940L, 1412985136L, -280324807L, 
-2139716853L, -966224610L, -154471813L, 1954093446L, 1506536760L, 
-1417383331L, -954478068L, 1308013045L, 425994524L, -1906137401L, 
1433807432L, -1648616763L, -719321466L, 674924850L, 1618604516L, 
-280522919L, -890839139L, -1741026359L, 2015374092L, -619343949L, 
-620231381L, -1653635884L, 1033064218L, -313552561L, -914952738L, 
229178484L, -1056899195L, 83399389L, 1878477988L, 426157133L, 
1247110208L, -864528565L, 2077680423L, -1685982143L, -838728116L, 
177193396L, -754998840L, 2143111006L, -1394107106L, 1921733394L, 
140123388L, -2000623827L, 1753288059L, 1779067062L, -997862078L, 
-1195455516L, 468296821L, 77518828L, -941624326L, 600539535L, 
1003539438L, 1736050596L, -947739255L, -183234063L, 242588946L, 
370014760L, 1406276273L, -1582448817L, 1456464948L, -1078562007L, 
-1259892204L, -1328120806L, 340543186L, -1492969208L, -930487833L, 
-2020517028L, -927082870L, 1323236322L, 24136608L, -1248501343L, 
-985287620L, 1793559864L, -512878290L, 54134565L, 220946447L, 
